w  L  F   dF   ddF gamma1 gamma2
0.000000000000000000e+00  2.300000000000000000e+01  0.000000000000000000e+00  7.208899999999999864e+00  -6.500000000000000000e+00  -3.333299999999999930e+00  -1.000000000000000000e+01
1.000000000000000021e-02  2.280000000000000071e+01  7.180000000000000271e-02  7.140500000000000291e+00  -7.178200000000000358e+00  -3.333299999999999930e+00  -1.000000000000000000e+01
2.000000000000000042e-02  2.260000000000000142e+01  1.428000000000000103e-01  7.065400000000000347e+00  -7.841700000000000337e+00  -3.333299999999999930e+00  -1.000000000000000000e+01
2.999999999999999889e-02  2.239999999999999858e+01  2.129999999999999949e-01  6.983699999999999797e+00  -8.488599999999999923e+00  -3.333299999999999930e+00  -1.000000000000000000e+01
4.000000000000000083e-02  2.219999999999999929e+01  2.823999999999999844e-01  6.895699999999999719e+00  -9.117000000000000881e+00  -3.333299999999999930e+00  -1.000000000000000000e+01
5.000000000000000278e-02  2.200000000000000000e+01  3.508999999999999897e-01  6.801400000000000112e+00  -9.725199999999999179e+00  -3.333299999999999930e+00  -1.000000000000000000e+01
5.999999999999999778e-02  2.180000000000000071e+01  4.183999999999999941e-01  6.700400000000000134e+00  -1.062199999999999989e+01  -3.333299999999999930e+00  -1.000000000000000000e+01
7.000000000000000666e-02  2.160000000000000142e+01  4.848999999999999977e-01  6.588499999999999801e+00  -1.173900000000000077e+01  -3.333299999999999930e+00  -1.000000000000000000e+01
8.000000000000000167e-02  2.139999999999999858e+01  5.502000000000000224e-01  6.465799999999999770e+00  -1.279509999999999970e+01  -3.333299999999999930e+00  -1.000000000000000000e+01
8.999999999999999667e-02  2.119999999999999929e+01  6.141999999999999682e-01  6.332900000000000418e+00  -1.378500000000000014e+01  -3.333299999999999930e+00  -1.000000000000000000e+01
1.000000000000000056e-01  2.100000000000000000e+01  6.767999999999999572e-01  6.190299999999999692e+00  -1.470390000000000086e+01  -3.333299999999999930e+00  -1.000000000000000000e+01
1.100000000000000006e-01  2.080000000000000071e+01  7.379999999999999893e-01  6.038999999999999702e+00  -1.554790000000000028e+01  -3.333299999999999930e+00  -1.000000000000000000e+01
1.199999999999999956e-01  2.060000000000000142e+01  7.975999999999999757e-01  5.879699999999999704e+00  -1.631360000000000099e+01  -3.333299999999999930e+00  -1.000000000000000000e+01
1.300000000000000044e-01  2.039999999999999858e+01  8.555000000000000382e-01  5.713000000000000078e+00  -1.699830000000000041e+01  -3.333299999999999930e+00  -1.000000000000000000e+01
1.400000000000000133e-01  2.019999999999999929e+01  9.118000000000000549e-01  5.540000000000000036e+00  -1.760010000000000119e+01  -3.333299999999999930e+00  -1.000000000000000000e+01
1.499999999999999944e-01  2.000000000000000000e+01  9.663000000000000478e-01  5.361299999999999955e+00  -1.811759999999999948e+01  -3.333299999999999930e+00  -1.000000000000000000e+01
1.600000000000000033e-01  1.980000000000000071e+01  1.018999999999999906e+00  5.177900000000000169e+00  -1.855020000000000024e+01  -3.333299999999999930e+00  -1.000000000000000000e+01
1.700000000000000122e-01  1.960000000000000142e+01  1.069900000000000073e+00  4.990599999999999703e+00  -1.889809999999999945e+01  -3.333299999999999930e+00  -1.000000000000000000e+01
1.799999999999999933e-01  1.939999999999999858e+01  1.118800000000000017e+00  4.800200000000000244e+00  -1.916189999999999927e+01  -3.333299999999999930e+00  -1.000000000000000000e+01
1.900000000000000022e-01  1.919999999999999929e+01  1.165899999999999936e+00  4.607599999999999696e+00  -1.934309999999999974e+01  -3.333299999999999930e+00  -1.000000000000000000e+01
2.000000000000000111e-01  1.900000000000000000e+01  1.211000000000000076e+00  4.413599999999999746e+00  -1.944350000000000023e+01  -3.333299999999999930e+00  -1.000000000000000000e+01
2.099999999999999922e-01  1.880000000000000071e+01  1.254099999999999993e+00  4.219000000000000306e+00  -1.946569999999999823e+01  -3.333299999999999930e+00  -1.000000000000000000e+01
2.200000000000000011e-01  1.860000000000000142e+01  1.295299999999999896e+00  4.024600000000000399e+00  -1.941270000000000095e+01  -3.333299999999999930e+00  -1.000000000000000000e+01
2.300000000000000100e-01  1.839999999999999858e+01  1.334600000000000009e+00  3.830999999999999961e+00  -1.928800000000000026e+01  -3.333299999999999930e+00  -1.000000000000000000e+01
2.399999999999999911e-01  1.819999999999999929e+01  1.372000000000000108e+00  3.638999999999999790e+00  -1.909530000000000172e+01  -3.333299999999999930e+00  -1.000000000000000000e+01
2.500000000000000000e-01  1.800000000000000000e+01  1.407399999999999984e+00  3.449300000000000033e+00  -1.883909999999999840e+01  -3.333299999999999930e+00  -1.000000000000000000e+01
2.600000000000000089e-01  1.780000000000000071e+01  1.441000000000000059e+00  3.262399999999999967e+00  -1.852370000000000161e+01  -3.333299999999999930e+00  -1.000000000000000000e+01
2.700000000000000178e-01  1.760000000000000142e+01  1.472699999999999898e+00  3.079000000000000181e+00  -1.815399999999999991e+01  -3.333299999999999930e+00  -1.000000000000000000e+01
2.800000000000000266e-01  1.739999999999999858e+01  1.502599999999999936e+00  2.899500000000000188e+00  -1.773479999999999990e+01  -3.333299999999999930e+00  -1.000000000000000000e+01
2.899999999999999800e-01  1.719999999999999929e+01  1.530699999999999950e+00  2.724499999999999922e+00  -1.727120000000000033e+01  -3.333299999999999930e+00  -1.000000000000000000e+01
2.999999999999999889e-01  1.700000000000000000e+01  1.557099999999999929e+00  2.554199999999999804e+00  -1.676829999999999998e+01  -3.333299999999999930e+00  -1.000000000000000000e+01
3.099999999999999978e-01  1.680000000000000071e+01  1.581800000000000095e+00  2.389200000000000212e+00  -1.623130000000000095e+01  -3.333299999999999930e+00  -1.000000000000000000e+01
3.200000000000000067e-01  1.660000000000000142e+01  1.604899999999999993e+00  2.229699999999999793e+00  -1.566520000000000046e+01  -3.333299999999999930e+00  -1.000000000000000000e+01
3.300000000000000155e-01  1.639999999999999858e+01  1.626400000000000068e+00  2.076000000000000068e+00  -1.507510000000000083e+01  -3.333299999999999930e+00  -1.000000000000000000e+01
3.400000000000000244e-01  1.619999999999999929e+01  1.646400000000000086e+00  1.928299999999999903e+00  -1.446579999999999977e+01  -3.333299999999999930e+00  -1.000000000000000000e+01
3.499999999999999778e-01  1.600000000000000000e+01  1.665000000000000036e+00  1.786699999999999955e+00  -1.384200000000000053e+01  -3.333299999999999930e+00  -1.000000000000000000e+01
3.599999999999999867e-01  1.580000000000000071e+01  1.682199999999999918e+00  1.651499999999999968e+00  -1.320829999999999949e+01  -3.333299999999999930e+00  -1.000000000000000000e+01
3.699999999999999956e-01  1.559999999999999964e+01  1.697999999999999954e+00  1.522599999999999953e+00  -1.256900000000000084e+01  -3.333299999999999930e+00  -1.000000000000000000e+01
3.800000000000000044e-01  1.540000000000000036e+01  1.712599999999999900e+00  1.400099999999999900e+00  -1.192800000000000082e+01  -3.333299999999999930e+00  -1.000000000000000000e+01
3.900000000000000133e-01  1.519999999999999929e+01  1.725999999999999979e+00  1.284000000000000030e+00  -1.128919999999999924e+01  -3.333299999999999930e+00  -1.000000000000000000e+01
4.000000000000000222e-01  1.500000000000000000e+01  1.738299999999999956e+00  1.174299999999999899e+00  -1.065590000000000082e+01  -3.333299999999999930e+00  -1.000000000000000000e+01
4.099999999999999756e-01  1.480000000000000071e+01  1.749600000000000044e+00  1.070899999999999963e+00  -1.003139999999999965e+01  -3.333299999999999930e+00  -1.000000000000000000e+01
4.199999999999999845e-01  1.459999999999999964e+01  1.759800000000000031e+00  9.721999999999999531e-01  -9.703599999999999781e+00  -3.333299999999999930e+00  -1.000000000000000000e+01
4.299999999999999933e-01  1.440000000000000036e+01  1.768999999999999906e+00  8.768000000000000238e-01  -9.385699999999999932e+00  -3.333299999999999930e+00  -1.000000000000000000e+01
4.400000000000000022e-01  1.419999999999999929e+01  1.777300000000000102e+00  7.844999999999999751e-01  -9.063399999999999679e+00  -3.333299999999999930e+00  -1.000000000000000000e+01
4.500000000000000111e-01  1.400000000000000000e+01  1.784699999999999953e+00  6.955000000000000071e-01  -8.737600000000000477e+00  -3.333299999999999930e+00  -1.000000000000000000e+01
4.600000000000000200e-01  1.380000000000000071e+01  1.791199999999999903e+00  6.098000000000000087e-01  -8.409499999999999531e+00  -3.333299999999999930e+00  -1.000000000000000000e+01
4.699999999999999734e-01  1.359999999999999964e+01  1.796899999999999942e+00  5.273999999999999799e-01  -8.080099999999999838e+00  -3.333299999999999930e+00  -1.000000000000000000e+01
4.799999999999999822e-01  1.340000000000000036e+01  1.801800000000000068e+00  4.481999999999999873e-01  -7.750499999999999723e+00  -3.333299999999999930e+00  -1.000000000000000000e+01
4.899999999999999911e-01  1.319999999999999929e+01  1.805900000000000061e+00  3.723000000000000198e-01  -7.421499999999999986e+00  -3.333299999999999930e+00  -1.000000000000000000e+01
5.000000000000000000e-01  1.300000000000000000e+01  1.809199999999999919e+00  2.998000000000000109e-01  -7.094199999999999839e+00  -3.333299999999999930e+00  -1.000000000000000000e+01
5.100000000000000089e-01  1.280000000000000071e+01  1.811900000000000066e+00  2.305000000000000104e-01  -6.769300000000000317e+00  -3.333299999999999930e+00  -1.000000000000000000e+01
5.200000000000000178e-01  1.259999999999999964e+01  1.813900000000000068e+00  1.643999999999999906e-01  -6.447799999999999976e+00  -3.333299999999999930e+00  -1.000000000000000000e+01
5.300000000000000266e-01  1.240000000000000036e+01  1.815199999999999925e+00  1.015000000000000069e-01  -6.130300000000000082e+00  -3.333299999999999930e+00  -1.000000000000000000e+01
5.400000000000000355e-01  1.219999999999999929e+01  1.815900000000000070e+00  4.170000000000000095e-02  -5.817499999999999893e+00  -3.333299999999999930e+00  -1.000000000000000000e+01
5.500000000000000444e-01  1.200000000000000000e+01  1.816000000000000059e+00  -1.490000000000000005e-02  -5.510100000000000442e+00  -3.333299999999999930e+00  -1.000000000000000000e+01
5.600000000000000533e-01  1.180000000000000071e+01  1.815600000000000103e+00  -6.850000000000000533e-02  -5.208700000000000330e+00  -3.333299999999999930e+00  -1.000000000000000000e+01
5.699999999999999512e-01  1.159999999999999964e+01  1.814699999999999980e+00  -1.190999999999999975e-01  -4.913899999999999935e+00  -3.333299999999999930e+00  -1.000000000000000000e+01
5.799999999999999600e-01  1.140000000000000036e+01  1.813199999999999923e+00  -1.668000000000000038e-01  -4.626100000000000101e+00  -3.333299999999999930e+00  -1.000000000000000000e+01
5.899999999999999689e-01  1.119999999999999929e+01  1.811399999999999899e+00  -2.116000000000000103e-01  -4.345699999999999896e+00  -3.333299999999999930e+00  -1.000000000000000000e+01
5.999999999999999778e-01  1.100000000000000000e+01  1.808999999999999941e+00  -2.536999999999999811e-01  -4.073199999999999932e+00  -3.333299999999999930e+00  -1.000000000000000000e+01
6.099999999999999867e-01  1.080000000000000071e+01  1.806300000000000017e+00  -2.931000000000000272e-01  -3.808800000000000185e+00  -3.333299999999999930e+00  -1.000000000000000000e+01
6.199999999999999956e-01  1.059999999999999964e+01  1.803199999999999914e+00  -3.299000000000000266e-01  -3.552900000000000169e+00  -3.333299999999999930e+00  -1.000000000000000000e+01
6.300000000000000044e-01  1.040000000000000036e+01  1.799700000000000077e+00  -3.642000000000000237e-01  -3.322200000000000042e+00  -3.333299999999999930e+00  -1.000000000000000000e+01
6.400000000000000133e-01  1.019999999999999929e+01  1.795900000000000052e+00  -3.970000000000000195e-01  -3.224600000000000133e+00  -3.333299999999999930e+00  -1.000000000000000000e+01
6.500000000000000222e-01  1.000000000000000000e+01  1.791800000000000059e+00  -4.287000000000000255e-01  -3.126999999999999780e+00  -3.333299999999999930e+00  -1.000000000000000000e+01
6.600000000000000311e-01  9.800000000000000711e+00  1.787300000000000111e+00  -4.595000000000000195e-01  -3.029500000000000082e+00  -3.333299999999999930e+00  -1.000000000000000000e+01
6.700000000000000400e-01  9.599999999999999645e+00  1.782599999999999962e+00  -4.893000000000000127e-01  -2.932199999999999918e+00  -3.333299999999999930e+00  -1.000000000000000000e+01
6.800000000000000488e-01  9.400000000000000355e+00  1.777500000000000080e+00  -5.181000000000000050e-01  -2.835199999999999942e+00  -3.333299999999999930e+00  -1.000000000000000000e+01
6.899999999999999467e-01  9.199999999999999289e+00  1.772199999999999998e+00  -5.460000000000000409e-01  -2.738599999999999923e+00  -3.333299999999999930e+00  -1.000000000000000000e+01
6.999999999999999556e-01  9.000000000000000000e+00  1.766599999999999948e+00  -5.728999999999999648e-01  -2.642500000000000071e+00  -3.333299999999999930e+00  -1.000000000000000000e+01
7.099999999999999645e-01  8.800000000000000711e+00  1.760799999999999921e+00  -5.988999999999999879e-01  -2.547099999999999920e+00  -3.333299999999999930e+00  -1.000000000000000000e+01
7.199999999999999734e-01  8.599999999999999645e+00  1.754599999999999937e+00  -6.239000000000000101e-01  -2.452399999999999913e+00  -3.333299999999999930e+00  -1.000000000000000000e+01
7.299999999999999822e-01  8.400000000000000355e+00  1.748299999999999965e+00  -6.479000000000000314e-01  -2.358499999999999819e+00  -3.333299999999999930e+00  -1.000000000000000000e+01
7.399999999999999911e-01  8.199999999999999289e+00  1.741700000000000026e+00  -6.710000000000000409e-01  -2.265400000000000080e+00  -3.333299999999999930e+00  -1.000000000000000000e+01
7.500000000000000000e-01  8.000000000000000000e+00  1.734900000000000109e+00  -6.932000000000000384e-01  -2.173399999999999999e+00  -3.333299999999999930e+00  -1.000000000000000000e+01
7.600000000000000089e-01  7.799999999999999822e+00  1.727800000000000002e+00  -7.145000000000000240e-01  -2.082399999999999807e+00  -3.333299999999999930e+00  -1.000000000000000000e+01
7.700000000000000178e-01  7.599999999999999645e+00  1.720599999999999907e+00  -7.348999999999999977e-01  -1.992499999999999938e+00  -3.333299999999999930e+00  -1.000000000000000000e+01
7.800000000000000266e-01  7.400000000000000355e+00  1.713100000000000067e+00  -7.542999999999999705e-01  -1.903799999999999937e+00  -3.333299999999999930e+00  -1.000000000000000000e+01
7.900000000000000355e-01  7.200000000000000178e+00  1.705500000000000016e+00  -7.729000000000000314e-01  -1.816400000000000015e+00  -3.333299999999999930e+00  -1.000000000000000000e+01
8.000000000000000444e-01  7.000000000000000000e+00  1.697699999999999987e+00  -7.906999999999999584e-01  -1.730299999999999949e+00  -3.333299999999999930e+00  -1.000000000000000000e+01
8.100000000000000533e-01  6.799999999999999822e+00  1.689699999999999980e+00  -8.075999999999999845e-01  -1.645599999999999952e+00  -3.333299999999999930e+00  -1.000000000000000000e+01
8.199999999999999512e-01  6.599999999999999645e+00  1.681499999999999995e+00  -8.235999999999999988e-01  -1.562300000000000022e+00  -3.333299999999999930e+00  -1.000000000000000000e+01
8.299999999999999600e-01  6.400000000000000355e+00  1.673200000000000021e+00  -8.387999999999999901e-01  -1.480499999999999927e+00  -3.333299999999999930e+00  -1.000000000000000000e+01
8.399999999999999689e-01  6.200000000000000178e+00  1.664800000000000058e+00  -8.531999999999999584e-01  -1.400300000000000100e+00  -3.333299999999999930e+00  -1.000000000000000000e+01
8.499999999999999778e-01  6.000000000000000000e+00  1.656199999999999894e+00  -8.668000000000000149e-01  -1.321600000000000108e+00  -3.333299999999999930e+00  -1.000000000000000000e+01
8.599999999999999867e-01  5.799999999999999822e+00  1.647399999999999975e+00  -8.797000000000000375e-01  -1.244499999999999940e+00  -3.333299999999999930e+00  -1.000000000000000000e+01
8.699999999999999956e-01  5.599999999999999645e+00  1.638600000000000056e+00  -8.917000000000000481e-01  -1.169100000000000028e+00  -3.333299999999999930e+00  -1.000000000000000000e+01
8.800000000000000044e-01  5.400000000000000355e+00  1.629599999999999937e+00  -9.030000000000000249e-01  -1.095399999999999929e+00  -3.333299999999999930e+00  -1.000000000000000000e+01
8.900000000000000133e-01  5.200000000000000178e+00  1.620500000000000052e+00  -9.135999999999999677e-01  -1.023400000000000087e+00  -3.333299999999999930e+00  -1.000000000000000000e+01
9.000000000000000222e-01  5.000000000000000000e+00  1.611299999999999955e+00  -9.234999999999999876e-01  -9.530999999999999472e-01  -3.333299999999999930e+00  -1.000000000000000000e+01
9.100000000000000311e-01  4.799999999999999822e+00  1.602000000000000091e+00  -9.326999999999999735e-01  -8.846000000000000529e-01  -3.333299999999999930e+00  -1.000000000000000000e+01
9.200000000000000400e-01  4.599999999999999645e+00  1.592700000000000005e+00  -9.412000000000000366e-01  -8.177999999999999714e-01  -3.333299999999999930e+00  -1.000000000000000000e+01
9.300000000000000488e-01  4.400000000000000355e+00  1.583199999999999941e+00  -9.491000000000000547e-01  -7.529000000000000137e-01  -3.333299999999999930e+00  -1.000000000000000000e+01
9.399999999999999467e-01  4.200000000000000178e+00  1.573700000000000099e+00  -9.563000000000000389e-01  -6.896999999999999797e-01  -3.333299999999999930e+00  -1.000000000000000000e+01
9.499999999999999556e-01  4.000000000000000000e+00  1.564100000000000046e+00  -9.628999999999999782e-01  -6.282999999999999696e-01  -3.333299999999999930e+00  -1.000000000000000000e+01
9.599999999999999645e-01  3.799999999999999822e+00  1.554400000000000004e+00  -9.687999999999999945e-01  -5.687999999999999723e-01  -3.333299999999999930e+00  -1.000000000000000000e+01
9.699999999999999734e-01  3.600000000000000089e+00  1.544699999999999962e+00  -9.741999999999999549e-01  -5.110000000000000098e-01  -3.333299999999999930e+00  -1.000000000000000000e+01
9.799999999999999822e-01  3.399999999999999911e+00  1.534999999999999920e+00  -9.790999999999999703e-01  -4.551000000000000045e-01  -3.333299999999999930e+00  -1.000000000000000000e+01
9.899999999999999911e-01  3.200000000000000178e+00  1.525099999999999900e+00  -9.832999999999999519e-01  -4.008999999999999786e-01  -3.333299999999999930e+00  -1.000000000000000000e+01
1.000000000000000000e+00  3.000000000000000000e+00  1.515300000000000091e+00  -9.870999999999999774e-01  -3.486000000000000210e-01  -3.333299999999999930e+00  -1.000000000000000000e+01
1.010000000000000009e+00  2.799999999999999822e+00  1.505400000000000071e+00  -9.902999999999999581e-01  -2.979999999999999871e-01  -3.333299999999999930e+00  -1.000000000000000000e+01
1.020000000000000018e+00  2.600000000000000089e+00  1.495500000000000052e+00  -9.930999999999999828e-01  -2.492000000000000048e-01  -3.333299999999999930e+00  -1.000000000000000000e+01
1.030000000000000027e+00  2.399999999999999911e+00  1.485500000000000043e+00  -9.952999999999999625e-01  -2.021999999999999909e-01  -3.333299999999999930e+00  -1.000000000000000000e+01
1.040000000000000036e+00  2.200000000000000178e+00  1.475600000000000023e+00  -9.970999999999999863e-01  -1.569000000000000117e-01  -3.333299999999999930e+00  -1.000000000000000000e+01
1.050000000000000044e+00  2.000000000000000000e+00  1.465600000000000014e+00  -9.985000000000000542e-01  -1.132999999999999979e-01  -3.333299999999999930e+00  -1.000000000000000000e+01
1.060000000000000053e+00  1.800000000000000044e+00  1.455600000000000005e+00  -9.993999999999999551e-01  -7.149999999999999412e-02  -3.333299999999999930e+00  -1.000000000000000000e+01
1.070000000000000062e+00  1.600000000000000089e+00  1.445599999999999996e+00  -9.999000000000000110e-01  -3.130000000000000143e-02  -3.333299999999999930e+00  -1.000000000000000000e+01
1.080000000000000071e+00  1.399999999999999911e+00  1.435599999999999987e+00  -1.000000000000000000e+00  7.199999999999999803e-03  -3.333299999999999930e+00  -1.000000000000000000e+01
1.090000000000000080e+00  1.199999999999999956e+00  1.425599999999999978e+00  -9.998000000000000220e-01  4.410000000000000031e-02  -3.333299999999999930e+00  -1.000000000000000000e+01
1.100000000000000089e+00  1.000000000000000000e+00  1.415599999999999969e+00  -9.990999999999999881e-01  7.929999999999999549e-02  -3.333299999999999930e+00  -1.000000000000000000e+01
1.110000000000000098e+00  8.000000000000000444e-01  1.405599999999999961e+00  -9.981999999999999762e-01  1.130000000000000032e-01  -3.333299999999999930e+00  -1.000000000000000000e+01
1.120000000000000107e+00  5.999999999999999778e-01  1.395699999999999941e+00  -9.969000000000000083e-01  1.451999999999999957e-01  -3.333299999999999930e+00  -1.000000000000000000e+01
1.129999999999999893e+00  4.000000000000000222e-01  1.385699999999999932e+00  -9.952999999999999625e-01  1.758000000000000118e-01  -3.333299999999999930e+00  -1.000000000000000000e+01
1.139999999999999902e+00  2.000000000000000111e-01  1.375799999999999912e+00  -9.933999999999999497e-01  2.048999999999999988e-01  -3.333299999999999930e+00  -1.000000000000000000e+01
1.149999999999999911e+00  -0.000000000000000000e+00  1.365799999999999903e+00  -9.911999999999999700e-01  2.326000000000000012e-01  -3.333299999999999930e+00  -1.000000000000000000e+01
1.159999999999999920e+00  -2.000000000000000111e-01  1.355900000000000105e+00  -9.887000000000000233e-01  2.589000000000000190e-01  -3.333299999999999930e+00  -1.000000000000000000e+01
1.169999999999999929e+00  -4.000000000000000222e-01  1.346100000000000074e+00  -9.859999999999999876e-01  2.837000000000000077e-01  -3.333299999999999930e+00  -1.000000000000000000e+01
1.179999999999999938e+00  -5.999999999999999778e-01  1.336200000000000054e+00  -9.830999999999999739e-01  3.073000000000000176e-01  -3.333299999999999930e+00  -1.000000000000000000e+01
1.189999999999999947e+00  -8.000000000000000444e-01  1.326400000000000023e+00  -9.798999999999999932e-01  3.295000000000000151e-01  -3.333299999999999930e+00  -1.000000000000000000e+01
1.199999999999999956e+00  -1.000000000000000000e+00  1.316599999999999993e+00  -9.765000000000000346e-01  3.503999999999999893e-01  -3.333299999999999930e+00  -1.000000000000000000e+01
1.209999999999999964e+00  -1.199999999999999956e+00  1.306899999999999951e+00  -9.728999999999999870e-01  3.699999999999999956e-01  -3.333299999999999930e+00  -1.000000000000000000e+01
1.219999999999999973e+00  -1.399999999999999911e+00  1.297199999999999909e+00  -9.690999999999999615e-01  3.885000000000000120e-01  -3.333299999999999930e+00  -1.000000000000000000e+01
1.229999999999999982e+00  -1.600000000000000089e+00  1.287500000000000089e+00  -9.650999999999999579e-01  4.057999999999999940e-01  -3.333299999999999930e+00  -1.000000000000000000e+01
1.239999999999999991e+00  -1.800000000000000044e+00  1.277900000000000036e+00  -9.609999999999999654e-01  4.218999999999999972e-01  -3.333299999999999930e+00  -1.000000000000000000e+01
1.250000000000000000e+00  -2.000000000000000000e+00  1.268299999999999983e+00  -9.566999999999999948e-01  4.369999999999999996e-01  -3.333299999999999930e+00  -1.000000000000000000e+01
1.260000000000000009e+00  -2.200000000000000178e+00  1.258699999999999930e+00  -9.522000000000000464e-01  4.510000000000000120e-01  -3.333299999999999930e+00  -1.000000000000000000e+01
1.270000000000000018e+00  -2.399999999999999911e+00  1.249200000000000088e+00  -9.475999999999999979e-01  4.638999999999999790e-01  -3.333299999999999930e+00  -1.000000000000000000e+01
1.280000000000000027e+00  -2.600000000000000089e+00  1.239800000000000013e+00  -9.428999999999999604e-01  4.758999999999999897e-01  -3.333299999999999930e+00  -1.000000000000000000e+01
1.290000000000000036e+00  -2.799999999999999822e+00  1.230399999999999938e+00  -9.381000000000000449e-01  4.868999999999999995e-01  -3.333299999999999930e+00  -1.000000000000000000e+01
1.300000000000000044e+00  -3.000000000000000000e+00  1.221000000000000085e+00  -9.332000000000000295e-01  4.969000000000000083e-01  -3.333299999999999930e+00  -1.000000000000000000e+01
1.310000000000000053e+00  -3.200000000000000178e+00  1.211699999999999999e+00  -9.282000000000000250e-01  5.060999999999999943e-01  -3.333299999999999930e+00  -1.000000000000000000e+01
1.320000000000000062e+00  -3.399999999999999911e+00  1.202399999999999913e+00  -9.231000000000000316e-01  5.143999999999999684e-01  -3.333299999999999930e+00  -1.000000000000000000e+01
1.330000000000000071e+00  -3.600000000000000089e+00  1.193200000000000038e+00  -9.179000000000000492e-01  5.220000000000000195e-01  -3.333299999999999930e+00  -1.000000000000000000e+01
1.340000000000000080e+00  -3.799999999999999822e+00  1.184099999999999930e+00  -9.126999999999999558e-01  5.286999999999999478e-01  -3.333299999999999930e+00  -1.000000000000000000e+01
1.350000000000000089e+00  -4.000000000000000000e+00  1.175000000000000044e+00  -9.072999999999999954e-01  5.345999999999999641e-01  -3.333299999999999930e+00  -1.000000000000000000e+01
1.360000000000000098e+00  -4.200000000000000178e+00  1.165899999999999936e+00  -9.020000000000000240e-01  5.399000000000000465e-01  -3.333299999999999930e+00  -1.000000000000000000e+01
1.370000000000000107e+00  -4.400000000000000355e+00  1.156900000000000039e+00  -8.964999999999999636e-01  5.444999999999999840e-01  -3.333299999999999930e+00  -1.000000000000000000e+01
1.379999999999999893e+00  -4.599999999999999645e+00  1.147999999999999909e+00  -8.911000000000000032e-01  5.483999999999999986e-01  -3.333299999999999930e+00  -1.000000000000000000e+01
1.389999999999999902e+00  -4.799999999999999822e+00  1.139100000000000001e+00  -8.856000000000000538e-01  5.516999999999999682e-01  -3.333299999999999930e+00  -1.000000000000000000e+01
1.399999999999999911e+00  -5.000000000000000000e+00  1.130300000000000082e+00  -8.800999999999999934e-01  5.543000000000000149e-01  -3.333299999999999930e+00  -1.000000000000000000e+01
1.409999999999999920e+00  -5.200000000000000178e+00  1.121499999999999941e+00  -8.745000000000000551e-01  5.564999999999999947e-01  -3.333299999999999930e+00  -1.000000000000000000e+01
1.419999999999999929e+00  -5.400000000000000355e+00  1.112800000000000011e+00  -8.689000000000000057e-01  5.580000000000000515e-01  -3.333299999999999930e+00  -1.000000000000000000e+01
1.429999999999999938e+00  -5.599999999999999645e+00  1.104100000000000081e+00  -8.632999999999999563e-01  5.591000000000000414e-01  -3.333299999999999930e+00  -1.000000000000000000e+01
1.439999999999999947e+00  -5.799999999999999822e+00  1.095499999999999918e+00  -8.577000000000000179e-01  5.596999999999999753e-01  -3.333299999999999930e+00  -1.000000000000000000e+01
1.449999999999999956e+00  -6.000000000000000000e+00  1.086999999999999966e+00  -8.520999999999999686e-01  5.597999999999999643e-01  -3.333299999999999930e+00  -1.000000000000000000e+01
1.459999999999999964e+00  -6.200000000000000178e+00  1.078500000000000014e+00  -8.465000000000000302e-01  5.594999999999999973e-01  -3.333299999999999930e+00  -1.000000000000000000e+01
1.469999999999999973e+00  -6.400000000000000355e+00  1.070100000000000051e+00  -8.409999999999999698e-01  5.587999999999999634e-01  -3.333299999999999930e+00  -1.000000000000000000e+01
1.479999999999999982e+00  -6.599999999999999645e+00  1.061700000000000088e+00  -8.354000000000000314e-01  5.576999999999999735e-01  -3.333299999999999930e+00  -1.000000000000000000e+01
1.489999999999999991e+00  -6.799999999999999822e+00  1.053399999999999892e+00  -8.297999999999999821e-01  5.563000000000000167e-01  -3.333299999999999930e+00  -1.000000000000000000e+01
1.500000000000000000e+00  -7.000000000000000000e+00  1.045099999999999918e+00  -8.242000000000000437e-01  5.544999999999999929e-01  -3.333299999999999930e+00  -1.000000000000000000e+01
1.510000000000000009e+00  -7.200000000000000178e+00  1.036899999999999933e+00  -8.186999999999999833e-01  5.524000000000000021e-01  -3.333299999999999930e+00  -1.000000000000000000e+01
1.520000000000000018e+00  -7.400000000000000355e+00  1.028699999999999948e+00  -8.132000000000000339e-01  5.500000000000000444e-01  -3.333299999999999930e+00  -1.000000000000000000e+01
1.530000000000000027e+00  -7.599999999999999645e+00  1.020599999999999952e+00  -8.076999999999999735e-01  5.473000000000000087e-01  -3.333299999999999930e+00  -1.000000000000000000e+01
1.540000000000000036e+00  -7.799999999999999822e+00  1.012599999999999945e+00  -8.023000000000000131e-01  5.443999999999999950e-01  -3.333299999999999930e+00  -1.000000000000000000e+01
1.550000000000000044e+00  -8.000000000000000000e+00  1.004599999999999937e+00  -7.967999999999999527e-01  5.412000000000000144e-01  -3.333299999999999930e+00  -1.000000000000000000e+01
1.560000000000000053e+00  -8.199999999999999289e+00  9.966000000000000414e-01  -7.913999999999999924e-01  5.379000000000000448e-01  -3.333299999999999930e+00  -1.000000000000000000e+01
1.570000000000000062e+00  -8.400000000000000355e+00  9.887000000000000233e-01  -7.861000000000000210e-01  5.342999999999999972e-01  -3.333299999999999930e+00  -1.000000000000000000e+01
1.580000000000000071e+00  -8.599999999999999645e+00  9.808999999999999941e-01  -7.806999999999999496e-01  5.304999999999999716e-01  -3.333299999999999930e+00  -1.000000000000000000e+01
1.590000000000000080e+00  -8.800000000000000711e+00  9.730999999999999650e-01  -7.754999999999999671e-01  5.265999999999999570e-01  -3.333299999999999930e+00  -1.000000000000000000e+01
1.600000000000000089e+00  -9.000000000000000000e+00  9.654000000000000359e-01  -7.701999999999999957e-01  5.224999999999999645e-01  -3.333299999999999930e+00  -1.000000000000000000e+01
1.610000000000000098e+00  -9.199999999999999289e+00  9.576999999999999957e-01  -7.650000000000000133e-01  5.181999999999999940e-01  -3.333299999999999930e+00  -1.000000000000000000e+01
1.620000000000000107e+00  -9.400000000000000355e+00  9.500999999999999446e-01  -7.599000000000000199e-01  5.139000000000000234e-01  -3.333299999999999930e+00  -1.000000000000000000e+01
1.629999999999999893e+00  -9.599999999999999645e+00  9.425000000000000044e-01  -7.547000000000000375e-01  5.093999999999999639e-01  -3.333299999999999930e+00  -1.000000000000000000e+01
1.639999999999999902e+00  -9.800000000000000711e+00  9.350000000000000533e-01  -7.497000000000000330e-01  5.048000000000000265e-01  -3.333299999999999930e+00  -1.000000000000000000e+01
1.649999999999999911e+00  -1.000000000000000000e+01  9.274999999999999911e-01  -7.446000000000000396e-01  5.000999999999999890e-01  -3.333299999999999930e+00  -1.000000000000000000e+01
1.659999999999999920e+00  -1.019999999999999929e+01  9.201000000000000290e-01  -7.397000000000000242e-01  4.954000000000000070e-01  -3.333299999999999930e+00  -1.000000000000000000e+01
1.669999999999999929e+00  -1.040000000000000036e+01  9.126999999999999558e-01  -7.347000000000000197e-01  4.905999999999999805e-01  -3.333299999999999930e+00  -1.000000000000000000e+01
1.679999999999999938e+00  -1.059999999999999964e+01  9.053999999999999826e-01  -7.298999999999999932e-01  4.857000000000000206e-01  -3.333299999999999930e+00  -1.000000000000000000e+01
1.689999999999999947e+00  -1.080000000000000071e+01  8.981000000000000094e-01  -7.249999999999999778e-01  4.808000000000000052e-01  -3.333299999999999930e+00  -1.000000000000000000e+01
1.699999999999999956e+00  -1.100000000000000000e+01  8.909000000000000252e-01  -7.201999999999999513e-01  4.758000000000000007e-01  -3.333299999999999930e+00  -1.000000000000000000e+01
1.709999999999999964e+00  -1.119999999999999929e+01  8.837000000000000410e-01  -7.155000000000000249e-01  4.707999999999999963e-01  -3.333299999999999930e+00  -1.000000000000000000e+01
1.719999999999999973e+00  -1.140000000000000036e+01  8.766000000000000458e-01  -7.107999999999999874e-01  4.657999999999999918e-01  -3.333299999999999930e+00  -1.000000000000000000e+01
1.729999999999999982e+00  -1.159999999999999964e+01  8.695000000000000506e-01  -7.062000000000000499e-01  4.606999999999999984e-01  -3.333299999999999930e+00  -1.000000000000000000e+01
1.739999999999999991e+00  -1.180000000000000071e+01  8.625000000000000444e-01  -7.016000000000000014e-01  4.556999999999999940e-01  -3.333299999999999930e+00  -1.000000000000000000e+01
1.750000000000000000e+00  -1.200000000000000000e+01  8.555000000000000382e-01  -6.971000000000000529e-01  4.506000000000000005e-01  -3.333299999999999930e+00  -1.000000000000000000e+01
1.760000000000000009e+00  -1.219999999999999929e+01  8.485000000000000320e-01  -6.925999999999999934e-01  4.455999999999999961e-01  -3.333299999999999930e+00  -1.000000000000000000e+01
1.770000000000000018e+00  -1.240000000000000036e+01  8.416000000000000147e-01  -6.882000000000000339e-01  4.405000000000000027e-01  -3.333299999999999930e+00  -1.000000000000000000e+01
1.780000000000000027e+00  -1.259999999999999964e+01  8.347999999999999865e-01  -6.837999999999999634e-01  4.354999999999999982e-01  -3.333299999999999930e+00  -1.000000000000000000e+01
1.790000000000000036e+00  -1.280000000000000071e+01  8.278999999999999693e-01  -6.794999999999999929e-01  4.304999999999999938e-01  -3.333299999999999930e+00  -1.000000000000000000e+01
1.800000000000000044e+00  -1.300000000000000000e+01  8.212000000000000410e-01  -6.752000000000000224e-01  4.254999999999999893e-01  -3.333299999999999930e+00  -1.000000000000000000e+01
1.810000000000000053e+00  -1.319999999999999929e+01  8.144000000000000128e-01  -6.709000000000000519e-01  4.204999999999999849e-01  -3.333299999999999930e+00  -1.000000000000000000e+01
1.820000000000000062e+00  -1.340000000000000036e+01  8.077999999999999625e-01  -6.667999999999999483e-01  4.156000000000000250e-01  -3.333299999999999930e+00  -1.000000000000000000e+01
1.830000000000000071e+00  -1.359999999999999964e+01  8.011000000000000343e-01  -6.625999999999999668e-01  4.107000000000000095e-01  -3.333299999999999930e+00  -1.000000000000000000e+01
1.840000000000000080e+00  -1.380000000000000071e+01  7.944999999999999840e-01  -6.584999999999999742e-01  4.057999999999999940e-01  -3.333299999999999930e+00  -1.000000000000000000e+01
1.850000000000000089e+00  -1.400000000000000000e+01  7.879000000000000448e-01  -6.544999999999999707e-01  4.010000000000000231e-01  -3.333299999999999930e+00  -1.000000000000000000e+01
1.860000000000000098e+00  -1.419999999999999929e+01  7.813999999999999835e-01  -6.504999999999999671e-01  3.961999999999999966e-01  -3.333299999999999930e+00  -1.000000000000000000e+01
1.870000000000000107e+00  -1.440000000000000036e+01  7.749000000000000332e-01  -6.465999999999999526e-01  3.915000000000000147e-01  -3.333299999999999930e+00  -1.000000000000000000e+01
1.879999999999999893e+00  -1.459999999999999964e+01  7.684999999999999609e-01  -6.427000000000000490e-01  3.867999999999999772e-01  -3.333299999999999930e+00  -1.000000000000000000e+01
1.889999999999999902e+00  -1.480000000000000071e+01  7.620999999999999996e-01  -6.389000000000000234e-01  3.821999999999999842e-01  -3.333299999999999930e+00  -1.000000000000000000e+01
1.899999999999999911e+00  -1.500000000000000000e+01  7.557000000000000384e-01  -6.350999999999999979e-01  3.775999999999999912e-01  -3.333299999999999930e+00  -1.000000000000000000e+01
1.909999999999999920e+00  -1.519999999999999929e+01  7.493999999999999551e-01  -6.312999999999999723e-01  3.729999999999999982e-01  -3.333299999999999930e+00  -1.000000000000000000e+01
1.919999999999999929e+00  -1.540000000000000036e+01  7.430999999999999828e-01  -6.276000000000000467e-01  3.684999999999999942e-01  -3.333299999999999930e+00  -1.000000000000000000e+01
1.929999999999999938e+00  -1.559999999999999964e+01  7.368000000000000105e-01  -6.239000000000000101e-01  3.640999999999999792e-01  -3.333299999999999930e+00  -1.000000000000000000e+01
1.939999999999999947e+00  -1.580000000000000071e+01  7.306000000000000272e-01  -6.202999999999999625e-01  3.597000000000000197e-01  -3.333299999999999930e+00  -1.000000000000000000e+01
1.949999999999999956e+00  -1.600000000000000000e+01  7.244000000000000439e-01  -6.167000000000000259e-01  3.553999999999999937e-01  -3.333299999999999930e+00  -1.000000000000000000e+01
1.959999999999999964e+00  -1.619999999999999929e+01  7.183000000000000496e-01  -6.131999999999999673e-01  3.512000000000000122e-01  -3.333299999999999930e+00  -1.000000000000000000e+01
1.969999999999999973e+00  -1.639999999999999858e+01  7.120999999999999552e-01  -6.097000000000000197e-01  3.469999999999999751e-01  -3.333299999999999930e+00  -1.000000000000000000e+01
1.979999999999999982e+00  -1.660000000000000142e+01  7.060999999999999499e-01  -6.062999999999999501e-01  3.427999999999999936e-01  -3.333299999999999930e+00  -1.000000000000000000e+01
1.989999999999999991e+00  -1.680000000000000071e+01  6.999999999999999556e-01  -6.028999999999999915e-01  3.387000000000000011e-01  -3.333299999999999930e+00  -1.000000000000000000e+01
2.000000000000000000e+00  -1.700000000000000000e+01  6.939999999999999503e-01  -5.995000000000000329e-01  3.346999999999999975e-01  -3.333299999999999930e+00  -1.000000000000000000e+01
2.009999999999999787e+00  -1.719999999999999929e+01  6.879999999999999449e-01  -5.961999999999999522e-01  3.306999999999999940e-01  -3.333299999999999930e+00  -1.000000000000000000e+01
2.020000000000000018e+00  -1.739999999999999858e+01  6.821000000000000396e-01  -5.928999999999999826e-01  3.267999999999999794e-01  -3.333299999999999930e+00  -1.000000000000000000e+01
2.029999999999999805e+00  -1.760000000000000142e+01  6.762000000000000233e-01  -5.896000000000000130e-01  3.230000000000000093e-01  -3.333299999999999930e+00  -1.000000000000000000e+01
2.040000000000000036e+00  -1.780000000000000071e+01  6.703000000000000069e-01  -5.864000000000000323e-01  3.191999999999999837e-01  -3.333299999999999930e+00  -1.000000000000000000e+01
2.049999999999999822e+00  -1.800000000000000000e+01  6.643999999999999906e-01  -5.832000000000000517e-01  3.155000000000000027e-01  -3.333299999999999930e+00  -1.000000000000000000e+01
2.060000000000000053e+00  -1.819999999999999929e+01  6.585999999999999632e-01  -5.800999999999999490e-01  3.118000000000000216e-01  -3.333299999999999930e+00  -1.000000000000000000e+01
2.069999999999999840e+00  -1.839999999999999858e+01  6.528000000000000469e-01  -5.769999999999999574e-01  3.081999999999999740e-01  -3.333299999999999930e+00  -1.000000000000000000e+01
2.080000000000000071e+00  -1.860000000000000142e+01  6.471000000000000085e-01  -5.738999999999999657e-01  3.045999999999999819e-01  -3.333299999999999930e+00  -1.000000000000000000e+01
2.089999999999999858e+00  -1.880000000000000071e+01  6.413999999999999702e-01  -5.708999999999999631e-01  3.010999999999999788e-01  -3.333299999999999930e+00  -1.000000000000000000e+01
2.100000000000000089e+00  -1.900000000000000000e+01  6.357000000000000428e-01  -5.678999999999999604e-01  2.977000000000000202e-01  -3.333299999999999930e+00  -1.000000000000000000e+01
2.109999999999999876e+00  -1.919999999999999929e+01  6.300000000000000044e-01  -5.649999999999999467e-01  2.943000000000000060e-01  -3.333299999999999930e+00  -1.000000000000000000e+01
2.120000000000000107e+00  -1.939999999999999858e+01  6.243999999999999551e-01  -5.620000000000000551e-01  2.908999999999999919e-01  -3.333299999999999930e+00  -1.000000000000000000e+01
2.129999999999999893e+00  -1.960000000000000142e+01  6.188000000000000167e-01  -5.591000000000000414e-01  2.876000000000000223e-01  -3.333299999999999930e+00  -1.000000000000000000e+01
2.140000000000000124e+00  -1.980000000000000071e+01  6.131999999999999673e-01  -5.563000000000000167e-01  2.843999999999999861e-01  -3.333299999999999930e+00  -1.000000000000000000e+01
2.149999999999999911e+00  -2.000000000000000000e+01  6.076000000000000290e-01  -5.534999999999999920e-01  2.812000000000000055e-01  -3.333299999999999930e+00  -1.000000000000000000e+01
2.160000000000000142e+00  -2.019999999999999929e+01  6.020999999999999686e-01  -5.506999999999999673e-01  2.781000000000000139e-01  -3.333299999999999930e+00  -1.000000000000000000e+01
2.169999999999999929e+00  -2.039999999999999858e+01  5.966000000000000192e-01  -5.479000000000000536e-01  2.750000000000000222e-01  -3.333299999999999930e+00  -1.000000000000000000e+01
2.180000000000000160e+00  -2.060000000000000142e+01  5.911999999999999478e-01  -5.452000000000000179e-01  2.720000000000000195e-01  -3.333299999999999930e+00  -1.000000000000000000e+01
2.189999999999999947e+00  -2.080000000000000071e+01  5.856999999999999984e-01  -5.424999999999999822e-01  2.690000000000000169e-01  -3.333299999999999930e+00  -1.000000000000000000e+01
2.200000000000000178e+00  -2.100000000000000000e+01  5.803000000000000380e-01  -5.397999999999999465e-01  2.661000000000000032e-01  -3.333299999999999930e+00  -1.000000000000000000e+01
2.209999999999999964e+00  -2.119999999999999929e+01  5.748999999999999666e-01  -5.371000000000000218e-01  2.631999999999999895e-01  -3.333299999999999930e+00  -1.000000000000000000e+01
2.220000000000000195e+00  -2.139999999999999858e+01  5.695999999999999952e-01  -5.344999999999999751e-01  2.604000000000000203e-01  -3.333299999999999930e+00  -1.000000000000000000e+01
2.229999999999999982e+00  -2.160000000000000142e+01  5.642000000000000348e-01  -5.319000000000000394e-01  2.575999999999999956e-01  -3.333299999999999930e+00  -1.000000000000000000e+01
2.240000000000000213e+00  -2.180000000000000071e+01  5.588999999999999524e-01  -5.293999999999999817e-01  2.548000000000000265e-01  -3.333299999999999930e+00  -1.000000000000000000e+01
2.250000000000000000e+00  -2.200000000000000000e+01  5.536999999999999700e-01  -5.268000000000000460e-01  2.520999999999999908e-01  -3.333299999999999930e+00  -1.000000000000000000e+01
2.259999999999999787e+00  -2.219999999999999929e+01  5.483999999999999986e-01  -5.242999999999999883e-01  2.494999999999999996e-01  -3.333299999999999930e+00  -1.000000000000000000e+01
2.270000000000000018e+00  -2.239999999999999858e+01  5.432000000000000162e-01  -5.218000000000000416e-01  2.469000000000000083e-01  -3.333299999999999930e+00  -1.000000000000000000e+01
2.279999999999999805e+00  -2.260000000000000142e+01  5.380000000000000338e-01  -5.193999999999999728e-01  2.442999999999999894e-01  -3.333299999999999930e+00  -1.000000000000000000e+01
2.290000000000000036e+00  -2.280000000000000071e+01  5.328000000000000513e-01  -5.169000000000000261e-01  2.417999999999999872e-01  -3.333299999999999930e+00  -1.000000000000000000e+01
2.299999999999999822e+00  -2.300000000000000000e+01  5.275999999999999579e-01  -5.144999999999999574e-01  2.393000000000000127e-01  -3.333299999999999930e+00  -1.000000000000000000e+01
2.310000000000000053e+00  -2.319999999999999929e+01  5.224999999999999645e-01  -5.121999999999999886e-01  2.368999999999999995e-01  -3.333299999999999930e+00  -1.000000000000000000e+01
2.319999999999999840e+00  -2.339999999999999858e+01  5.173999999999999710e-01  -5.098000000000000309e-01  2.344999999999999862e-01  -3.333299999999999930e+00  -1.000000000000000000e+01
2.330000000000000071e+00  -2.360000000000000142e+01  5.122999999999999776e-01  -5.074999999999999512e-01  2.321000000000000008e-01  -3.333299999999999930e+00  -1.000000000000000000e+01
2.339999999999999858e+00  -2.380000000000000071e+01  5.071999999999999842e-01  -5.051999999999999824e-01  2.298000000000000043e-01  -3.333299999999999930e+00  -1.000000000000000000e+01
2.350000000000000089e+00  -2.400000000000000000e+01  5.021999999999999797e-01  -5.029000000000000137e-01  2.275000000000000078e-01  -3.333299999999999930e+00  -1.000000000000000000e+01
2.359999999999999876e+00  -2.419999999999999929e+01  4.971999999999999753e-01  -5.006000000000000449e-01  2.252000000000000113e-01  -3.333299999999999930e+00  -1.000000000000000000e+01
2.370000000000000107e+00  -2.439999999999999858e+01  4.922000000000000264e-01  -4.984000000000000097e-01  2.230000000000000038e-01  -3.333299999999999930e+00  -1.000000000000000000e+01
2.379999999999999893e+00  -2.460000000000000142e+01  4.872000000000000219e-01  -4.961999999999999744e-01  2.207999999999999963e-01  -3.333299999999999930e+00  -1.000000000000000000e+01
2.390000000000000124e+00  -2.480000000000000071e+01  4.823000000000000065e-01  -4.939999999999999947e-01  2.187000000000000055e-01  -3.333299999999999930e+00  -1.000000000000000000e+01
2.399999999999999911e+00  -2.500000000000000000e+01  4.773000000000000020e-01  -4.918000000000000149e-01  2.164999999999999980e-01  -3.333299999999999930e+00  -1.000000000000000000e+01
2.410000000000000142e+00  -2.519999999999999929e+01  4.723999999999999866e-01  -4.895999999999999797e-01  2.144999999999999962e-01  -3.333299999999999930e+00  -1.000000000000000000e+01
2.419999999999999929e+00  -2.539999999999999858e+01  4.675000000000000266e-01  -4.874999999999999889e-01  2.124000000000000055e-01  -3.333299999999999930e+00  -1.000000000000000000e+01
2.430000000000000160e+00  -2.560000000000000142e+01  4.627000000000000002e-01  -4.853999999999999981e-01  2.104000000000000037e-01  -3.333299999999999930e+00  -1.000000000000000000e+01
2.439999999999999947e+00  -2.580000000000000071e+01  4.577999999999999847e-01  -4.833000000000000074e-01  2.084000000000000019e-01  -3.333299999999999930e+00  -1.000000000000000000e+01
2.450000000000000178e+00  -2.600000000000000000e+01  4.530000000000000138e-01  -4.812000000000000166e-01  2.064000000000000001e-01  -3.333299999999999930e+00  -1.000000000000000000e+01
2.459999999999999964e+00  -2.619999999999999929e+01  4.481999999999999873e-01  -4.792000000000000148e-01  2.044999999999999873e-01  -3.333299999999999930e+00  -1.000000000000000000e+01
2.470000000000000195e+00  -2.639999999999999858e+01  4.434000000000000163e-01  -4.771000000000000241e-01  2.026000000000000023e-01  -3.333299999999999930e+00  -1.000000000000000000e+01
2.479999999999999982e+00  -2.660000000000000142e+01  4.386999999999999789e-01  -4.751000000000000223e-01  2.006999999999999895e-01  -3.333299999999999930e+00  -1.000000000000000000e+01
2.490000000000000213e+00  -2.680000000000000071e+01  4.339000000000000079e-01  -4.731000000000000205e-01  1.988999999999999935e-01  -3.333299999999999930e+00  -1.000000000000000000e+01
2.500000000000000000e+00  -2.700000000000000000e+01  4.292000000000000259e-01  -4.711000000000000187e-01  1.970999999999999974e-01  -3.333299999999999930e+00  -1.000000000000000000e+01
2.509999999999999787e+00  -2.719999999999999929e+01  4.244999999999999885e-01  -4.692000000000000060e-01  1.953000000000000014e-01  -3.333299999999999930e+00  -1.000000000000000000e+01
2.520000000000000018e+00  -2.739999999999999858e+01  4.198000000000000065e-01  -4.672000000000000042e-01  1.935000000000000053e-01  -3.333299999999999930e+00  -1.000000000000000000e+01
2.529999999999999805e+00  -2.760000000000000142e+01  4.151000000000000245e-01  -4.652999999999999914e-01  1.917999999999999983e-01  -3.333299999999999930e+00  -1.000000000000000000e+01
2.540000000000000036e+00  -2.780000000000000071e+01  4.104999999999999760e-01  -4.633999999999999786e-01  1.900999999999999912e-01  -3.333299999999999930e+00  -1.000000000000000000e+01
2.549999999999999822e+00  -2.800000000000000000e+01  4.058999999999999830e-01  -4.615000000000000213e-01  1.884000000000000119e-01  -3.333299999999999930e+00  -1.000000000000000000e+01
2.560000000000000053e+00  -2.819999999999999929e+01  4.012999999999999901e-01  -4.596000000000000085e-01  1.867000000000000048e-01  -3.333299999999999930e+00  -1.000000000000000000e+01
2.569999999999999840e+00  -2.839999999999999858e+01  3.966999999999999971e-01  -4.577999999999999847e-01  1.850999999999999868e-01  -3.333299999999999930e+00  -1.000000000000000000e+01
2.580000000000000071e+00  -2.860000000000000142e+01  3.921000000000000041e-01  -4.559000000000000274e-01  1.834000000000000075e-01  -3.333299999999999930e+00  -1.000000000000000000e+01
2.589999999999999858e+00  -2.880000000000000071e+01  3.876000000000000001e-01  -4.541000000000000036e-01  1.819000000000000061e-01  -3.333299999999999930e+00  -1.000000000000000000e+01
2.600000000000000089e+00  -2.900000000000000000e+01  3.830000000000000071e-01  -4.522999999999999798e-01  1.802999999999999881e-01  -3.333299999999999930e+00  -1.000000000000000000e+01
2.609999999999999876e+00  -2.919999999999999929e+01  3.785000000000000031e-01  -4.505000000000000115e-01  1.786999999999999977e-01  -3.333299999999999930e+00  -1.000000000000000000e+01
2.620000000000000107e+00  -2.939999999999999858e+01  3.739999999999999991e-01  -4.486999999999999877e-01  1.771999999999999964e-01  -3.333299999999999930e+00  -1.000000000000000000e+01
2.629999999999999893e+00  -2.960000000000000142e+01  3.695999999999999841e-01  -4.469000000000000195e-01  1.756999999999999951e-01  -3.333299999999999930e+00  -1.000000000000000000e+01
2.640000000000000124e+00  -2.980000000000000071e+01  3.650999999999999801e-01  -4.451999999999999846e-01  1.741999999999999937e-01  -3.333299999999999930e+00  -1.000000000000000000e+01
2.649999999999999911e+00  -3.000000000000000000e+01  3.605999999999999761e-01  -4.435000000000000053e-01  1.726999999999999924e-01  -3.333299999999999930e+00  -1.000000000000000000e+01
2.660000000000000142e+00  -3.019999999999999929e+01  3.562000000000000166e-01  -4.416999999999999815e-01  1.713000000000000078e-01  -3.333299999999999930e+00  -1.000000000000000000e+01
2.669999999999999929e+00  -3.039999999999999858e+01  3.518000000000000016e-01  -4.400000000000000022e-01  1.698999999999999955e-01  -3.333299999999999930e+00  -1.000000000000000000e+01
2.680000000000000160e+00  -3.060000000000000142e+01  3.473999999999999866e-01  -4.383000000000000229e-01  1.683999999999999941e-01  -3.333299999999999930e+00  -1.000000000000000000e+01
2.689999999999999947e+00  -3.080000000000000071e+01  3.430000000000000271e-01  -4.366999999999999771e-01  1.670999999999999985e-01  -3.333299999999999930e+00  -1.000000000000000000e+01
2.700000000000000178e+00  -3.100000000000000000e+01  3.387000000000000011e-01  -4.349999999999999978e-01  1.656999999999999862e-01  -3.333299999999999930e+00  -1.000000000000000000e+01
2.709999999999999964e+00  -3.119999999999999929e+01  3.342999999999999861e-01  -4.333000000000000185e-01  1.643000000000000016e-01  -3.333299999999999930e+00  -1.000000000000000000e+01
2.720000000000000195e+00  -3.139999999999999858e+01  3.300000000000000155e-01  -4.316999999999999726e-01  1.630000000000000060e-01  -3.333299999999999930e+00  -1.000000000000000000e+01
2.729999999999999982e+00  -3.160000000000000142e+01  3.256999999999999895e-01  -4.300999999999999823e-01  1.617000000000000104e-01  -3.333299999999999930e+00  -1.000000000000000000e+01
2.740000000000000213e+00  -3.180000000000000071e+01  3.214000000000000190e-01  -4.284999999999999920e-01  1.603999999999999870e-01  -3.333299999999999930e+00  -1.000000000000000000e+01
2.750000000000000000e+00  -3.200000000000000000e+01  3.170999999999999930e-01  -4.269000000000000017e-01  1.590999999999999914e-01  -3.333299999999999930e+00  -1.000000000000000000e+01
2.759999999999999787e+00  -3.220000000000000284e+01  3.129000000000000115e-01  -4.253000000000000114e-01  1.577999999999999958e-01  -3.333299999999999930e+00  -1.000000000000000000e+01
2.770000000000000018e+00  -3.239999999999999858e+01  3.085999999999999854e-01  -4.237000000000000210e-01  1.565999999999999892e-01  -3.333299999999999930e+00  -1.000000000000000000e+01
2.779999999999999805e+00  -3.260000000000000142e+01  3.044000000000000039e-01  -4.222000000000000197e-01  1.552999999999999936e-01  -3.333299999999999930e+00  -1.000000000000000000e+01
2.790000000000000036e+00  -3.279999999999999716e+01  3.002000000000000224e-01  -4.205999999999999739e-01  1.540999999999999870e-01  -3.333299999999999930e+00  -1.000000000000000000e+01
2.799999999999999822e+00  -3.300000000000000000e+01  2.959999999999999853e-01  -4.190999999999999726e-01  1.529000000000000081e-01  -3.333299999999999930e+00  -1.000000000000000000e+01
2.810000000000000053e+00  -3.320000000000000284e+01  2.918000000000000038e-01  -4.176000000000000267e-01  1.517000000000000015e-01  -3.333299999999999930e+00  -1.000000000000000000e+01
2.819999999999999840e+00  -3.339999999999999858e+01  2.876000000000000223e-01  -4.159999999999999809e-01  1.504999999999999949e-01  -3.333299999999999930e+00  -1.000000000000000000e+01
2.830000000000000071e+00  -3.360000000000000142e+01  2.834999999999999742e-01  -4.144999999999999796e-01  1.494000000000000050e-01  -3.333299999999999930e+00  -1.000000000000000000e+01
2.839999999999999858e+00  -3.379999999999999716e+01  2.793999999999999817e-01  -4.131000000000000227e-01  1.481999999999999984e-01  -3.333299999999999930e+00  -1.000000000000000000e+01
2.850000000000000089e+00  -3.400000000000000000e+01  2.752000000000000002e-01  -4.116000000000000214e-01  1.471000000000000085e-01  -3.333299999999999930e+00  -1.000000000000000000e+01
2.859999999999999876e+00  -3.420000000000000284e+01  2.711000000000000076e-01  -4.101000000000000201e-01  1.459999999999999909e-01  -3.333299999999999930e+00  -1.000000000000000000e+01
2.870000000000000107e+00  -3.439999999999999858e+01  2.670000000000000151e-01  -4.087000000000000077e-01  1.449000000000000010e-01  -3.333299999999999930e+00  -1.000000000000000000e+01
2.879999999999999893e+00  -3.460000000000000142e+01  2.629000000000000226e-01  -4.072000000000000064e-01  1.438000000000000111e-01  -3.333299999999999930e+00  -1.000000000000000000e+01
2.890000000000000124e+00  -3.479999999999999716e+01  2.589000000000000190e-01  -4.057999999999999940e-01  1.426999999999999935e-01  -3.333299999999999930e+00  -1.000000000000000000e+01
2.899999999999999911e+00  -3.500000000000000000e+01  2.548000000000000265e-01  -4.043999999999999817e-01  1.416000000000000036e-01  -3.333299999999999930e+00  -1.000000000000000000e+01
2.910000000000000142e+00  -3.520000000000000284e+01  2.508000000000000229e-01  -4.030000000000000249e-01  1.406000000000000028e-01  -3.333299999999999930e+00  -1.000000000000000000e+01
2.919999999999999929e+00  -3.539999999999999858e+01  2.467999999999999916e-01  -4.016000000000000125e-01  1.395000000000000129e-01  -3.333299999999999930e+00  -1.000000000000000000e+01
2.930000000000000160e+00  -3.560000000000000142e+01  2.427999999999999881e-01  -4.002000000000000002e-01  1.385000000000000120e-01  -3.333299999999999930e+00  -1.000000000000000000e+01
2.939999999999999947e+00  -3.579999999999999716e+01  2.388000000000000123e-01  -3.987999999999999878e-01  1.375000000000000111e-01  -3.333299999999999930e+00  -1.000000000000000000e+01
2.950000000000000178e+00  -3.600000000000000000e+01  2.348000000000000087e-01  -3.973999999999999755e-01  1.365000000000000102e-01  -3.333299999999999930e+00  -1.000000000000000000e+01
2.959999999999999964e+00  -3.620000000000000284e+01  2.308000000000000052e-01  -3.961000000000000076e-01  1.355000000000000093e-01  -3.333299999999999930e+00  -1.000000000000000000e+01
2.970000000000000195e+00  -3.639999999999999858e+01  2.268999999999999906e-01  -3.946999999999999953e-01  1.345000000000000084e-01  -3.333299999999999930e+00  -1.000000000000000000e+01
2.979999999999999982e+00  -3.660000000000000142e+01  2.228999999999999870e-01  -3.934000000000000274e-01  1.335000000000000075e-01  -3.333299999999999930e+00  -1.000000000000000000e+01
2.990000000000000213e+00  -3.679999999999999716e+01  2.190000000000000002e-01  -3.920000000000000151e-01  1.325000000000000067e-01  -3.333299999999999930e+00  -1.000000000000000000e+01
